34704
34702
34701
34665
34645
34641
34623
34614
34611
34598
34591
34588
34583
34523
34359
34353
34352
34351
34350
34348
34347
34346
34345
34344
34343
34341
34340
34339
34307
34302
34295
34294
34293
34240
34221
34171
34075
33946
33943
33929
33928
33911
33903
33902
33901
33886
33885
33884
33882
33880
33879
33875
33865
33858
33834
33833
33832
33830
33829
33825
33824
33823
33819
33716
33704
33686
33642
33636
33523
33483
33478
33449
33446
33445
33444
33438
33435
33432
33319
33318
33317
33316
33312
33308
33305
33304
33296
33279
33271
33270
33269
33268
33267
33258
33257
33219
33079
33078
33077
33076
33074
33073
33052
33050
33049
33048
33047
33042
33039
33037
33036
33035
33034
33033